symbols = [1 1 1 1 1 1 1 1 1 1 1 1 1 1 1 1 1 1 1 1 7 1 5 11 1 1 1 1 13 1 1 1 1 1 1 3 9 1 1 1 9 9 3 1 11 15 13 1 5 1 1 1 1 5 1 1 1 1 1 5 1 1 3 15 1 15 13 15 15 1 16];
emis = [0.0808269334217501 0.0601951442226199 0.0982638058516725 0.0525615331227595 0.0346066202489476 0.097110844603937 0.0635714769499126 0.0641767108688091 0.0235792711830872 0.034209509969755 0.0853469552238469 0.0383746178452817 0.0980995450066678 0.0852351092395717 0.0379114489100013 0.0459304733313802 ;
0.118422950162144 0.0384878355286865 0.0397463974485976 0.0311683009546914 0.0495616636161279 0.000217761739710469 0.126606916611344 0.0660598279084563 0.0191309494865415 0.0163273558144295 0.0493489448480273 0.0496315312410205 0.0602627310501857 0.126057582315397 0.115481059198398 0.0934881920762427;
0.104643556754893 0.0275180544257856 0.0077453136457258 0.0578386705639013 0.116816618062745 0.111920201626856 0.0171392168873252 0.0380301861701706 0.0708643832197443 0.0432725615390936 0.0344679674063759 0.123468636894965 0.12072816035089 0.00322808594631323 0.0443676927803736 0.0779506937248419;
0.0945016567107147 0.0463970695561704 0.00800665820589048 0.00955569889668046 0.0961620315604407 0.0422141617798951 0.0913809982427005 0.0958964523550316 0.0920273160589192 0.0641673509761004 0.0116551178287001 0.0360816027537797 0.0745948899813699 0.0948285503359901 0.0547524757737766 0.0877779689838399];
trans = [0.573150919146006 0.426849080853994 0 0;
0.602179631944506 0.195710296030219 0.202110072025275 0;
0 0.295568763360233 0.0831916653947442 0.621239571245022;
0 0 0.455898838585761 0.544101161414239];
[PSTATES,logpseq] = hmmdecode(symbols,trans,emis);
display(PSTATES);


Columns 1 through 14

    0.4753    0.4849    0.4153    0.3874    0.3534    0.3313    0.3116    0.2969    0.2851    0.2761    0.2694    0.2647    0.2616    0.2603
    0.5247    0.3741    0.3842    0.3420    0.3293    0.3103    0.2990    0.2884    0.2809    0.2748    0.2704    0.2671    0.2653    0.2639
         0    0.1410    0.1130    0.1545    0.1603    0.1766    0.1846    0.1930    0.1987    0.2034    0.2068    0.2093    0.2106    0.2118
         0         0    0.0875    0.1162    0.1569    0.1819    0.2049    0.2217    0.2354    0.2457    0.2535    0.2589    0.2625    0.2639

  Columns 15 through 28

    0.2599    0.2627    0.2632    0.2743    0.2667    0.3087    0.2663    0.3234    0.2852    0.4322    0.3250    0.3302    0.3231    0.2897
    0.2648    0.2638    0.2708    0.2628    0.2937    0.2394    0.3653    0.2409    0.3128    0.2262    0.3438    0.2996    0.2892    0.3302
    0.2107    0.2125    0.2048    0.2165    0.1795    0.2543    0.0445    0.2438    0.1753    0.2189    0.1366    0.1853    0.1896    0.1529
    0.2645    0.2610    0.2612    0.2464    0.2601    0.1975    0.3239    0.1919    0.2268    0.1227    0.1946    0.1850    0.1981    0.2273

  Columns 29 through 42

    0.4057    0.2863    0.3200    0.3145    0.3300    0.3456    0.3581    0.4904    0.3929    0.2865    0.2839    0.2474    0.3205    0.3195
    0.1640    0.3299    0.2808    0.3059    0.3056    0.3159    0.3423    0.2422    0.2190    0.3156    0.2676    0.2825    0.1654    0.2577
    0.2395    0.1516    0.1991    0.1755    0.1765    0.1697    0.1519    0.0977    0.1994    0.1685    0.2183    0.2017    0.2091    0.2365
    0.1908    0.2322    0.2001    0.2041    0.1879    0.1688    0.1476    0.1697    0.1887    0.2295    0.2302    0.2685    0.3050    0.1863

  Columns 43 through 56

    0.4856    0.3847    0.5858    0.1820    0.3768    0.1787    0.1838    0.1557    0.1632    0.1505    0.1279    0.1308    0.1319    0.1675
    0.2717    0.4069    0.1772    0.5961    0.1350    0.3372    0.1635    0.2232    0.1882    0.1867    0.1920    0.1365    0.2032    0.1959
    0.1177    0.0844    0.1751    0.0710    0.3677    0.1406    0.3666    0.2191    0.2766    0.2688    0.2585    0.3331    0.2548    0.2717
    0.1251    0.1240    0.0618    0.1510    0.1204    0.3434    0.2860    0.4020    0.3720    0.3940    0.4217    0.3996    0.4101    0.3649

  Columns 57 through 70

    0.1809    0.2050    0.2120    0.2403    0.2776    0.3730    0.7022    0.2823    0.4972    0.2343    0.5341    0.2544    0.2703    0.3407
    0.2217    0.2220    0.2531    0.2315    0.3658    0.4459    0.1808    0.6032    0.2546    0.5813    0.1405    0.4963    0.4185    0.2734
    0.2446    0.2533    0.2117    0.2856    0.2339    0.1074    0.0570    0.0504    0.1963    0.0568    0.2429    0.0853    0.1646    0.2093
    0.3528    0.3197    0.3232    0.2426    0.1227    0.0738    0.0600    0.0641    0.0519    0.1276    0.0825    0.1640    0.1466    0.1766

  Column 71

    0.2579
    0.3516
    0.1605
    0.2300
