symbols = [1 1 1 1 1 1 1 1 1 1 1 1 1 1 1 1 1 1 1 1 1 1 1 1 1 1 1 1 1 1 1 1 1 1 1 1 1 1 1 5 1 9 1 1 1 1 1 1 1 1 5 1 1 1 1 1 1 13 5 13 1 13 1 14 1 10 16 16 16 1 16];
emis = [0.0828498421195876 0.037858835228498 0.0618898758064682 0.0676310293220387 0.107203595503523 0.0388394315024018 0.00943118290324691 0.0399519612503201 0.0242235056156077 0.091471378944861 0.100958563282274 0.0860335869886145 0.0957680234350929 0.0401260831915134 0.065628509162578 0.0501345957433745;
0.0537549908293112 0.0623151660060596 0.0137069916575097 0.0291747583037541 0.0873844780253793 0.0804085267823248 0.103629976057416 0.0792852329216926 0.0229586023125733 0.0878222364517483 0.065642579691927 0.00479126701688037 0.0885438677344645 0.0973689610997213 0.0942884300992811 0.0289239350099574;
0.0339292710475651 0.0411976400946959 0.0983507005003479 0.0950708885256334 0.0958847852821085 0.0491818371531342 0.0459829826502186 0.0439879466037062 0.0442993217910271 0.0458233863802931 0.0666369586762633 0.0567224407917161 0.0603635121221586 0.105498490826064 0.104183860532371 0.0128859770226976;
0.0470650630792353 0.0178714576664907 0.0404917794998758 0.0447429734539251 0.025276965719307 0.108814208692914 0.116329693655537 0.116819929081679 0.0573745275157306 0.0398691365387084 0.0638887338788678 0.0140691733111932 0.115412949546425 0.0453992326434835 0.0424256930437902 0.104148482672837];
trans = [0.686361941326512 0.313638058673488 0 0;
0.414209985760784 0.480170559530195 0.105619454709021 0;
0 0.17559362141415 0.419192837982435 0.405213540603415;
0 0 0.475061850907496 0.524938149092504];
[PSTATES,logpseq] = hmmdecode(symbols,trans,emis);
display(PSTATES);

Columns 1 through 14

    0.8109    0.7752    0.7673    0.7653    0.7646    0.7643    0.7642    0.7641    0.7641    0.7640    0.7640    0.7640    0.7640    0.7640
    0.1891    0.2230    0.2300    0.2315    0.2320    0.2321    0.2322    0.2322    0.2322    0.2322    0.2322    0.2322    0.2322    0.2322
         0    0.0019    0.0026    0.0029    0.0031    0.0031    0.0032    0.0032    0.0032    0.0032    0.0032    0.0033    0.0033    0.0033
         0         0    0.0002    0.0003    0.0004    0.0004    0.0005    0.0005    0.0005    0.0005    0.0005    0.0005    0.0005    0.0005

  Columns 15 through 28

    0.7640    0.7640    0.7640    0.7640    0.7640    0.7640    0.7640    0.7640    0.7640    0.7640    0.7640    0.7640    0.7640    0.7640
    0.2322    0.2322    0.2322    0.2322    0.2322    0.2322    0.2322    0.2322    0.2322    0.2322    0.2322    0.2322    0.2322    0.2323
    0.0033    0.0033    0.0033    0.0033    0.0033    0.0033    0.0033    0.0033    0.0033    0.0033    0.0033    0.0033    0.0033    0.0033
    0.0005    0.0005    0.0005    0.0005    0.0005    0.0005    0.0005    0.0005    0.0005    0.0005    0.0005    0.0005    0.0005    0.0005

  Columns 29 through 42

    0.7640    0.7640    0.7640    0.7640    0.7639    0.7638    0.7636    0.7632    0.7623    0.7596    0.7494    0.7099    0.7295    0.6780
    0.2323    0.2323    0.2323    0.2323    0.2323    0.2323    0.2324    0.2326    0.2332    0.2353    0.2443    0.2792    0.2590    0.3049
    0.0033    0.0033    0.0033    0.0033    0.0033    0.0033    0.0034    0.0035    0.0038    0.0042    0.0052    0.0104    0.0087    0.0147
    0.0005    0.0005    0.0005    0.0005    0.0005    0.0005    0.0006    0.0006    0.0007    0.0009    0.0012    0.0005    0.0028    0.0024

  Columns 43 through 56

    0.7394    0.7555    0.7603    0.7620    0.7627    0.7626    0.7609    0.7531    0.7182    0.7529    0.7603    0.7613    0.7600    0.7554
    0.2507    0.2374    0.2341    0.2331    0.2329    0.2330    0.2345    0.2418    0.2746    0.2418    0.2347    0.2336    0.2343    0.2374
    0.0076    0.0055    0.0045    0.0040    0.0037    0.0037    0.0038    0.0043    0.0070    0.0044    0.0041    0.0041    0.0046    0.0056
    0.0023    0.0016    0.0011    0.0009    0.0007    0.0007    0.0007    0.0008    0.0002    0.0009    0.0009    0.0010    0.0012    0.0016

  Columns 57 through 70

    0.7395    0.6667    0.6712    0.6546    0.7030    0.6422    0.6381    0.4101    0.6048    0.5901    0.6701    0.6811    0.6719    0.6490
    0.2506    0.3198    0.3043    0.3204    0.2668    0.3220    0.3155    0.5192    0.3070    0.2953    0.2031    0.1860    0.1918    0.2035
    0.0076    0.0096    0.0229    0.0152    0.0192    0.0201    0.0298    0.0593    0.0538    0.0730    0.0263    0.0195    0.0184    0.0626
    0.0023    0.0039    0.0017    0.0097    0.0111    0.0157    0.0166    0.0114    0.0343    0.0417    0.1005    0.1134    0.1180    0.0848

  Column 71

    0.6310
    0.2199
    0.0227
    0.1264