symbols = [1 1 1 1 1 1 1 1 1 1 1 1 1 1 1 1 1 1 1 1 15 1 1 1 1 1 11 1 1 1 1 1 5 1 1 9 1 1 1 1 5 1 3 1 1 1 5 1 5 13 14 13 1 5 7 5 1 5 5 11 1 13 11 13 1 13 7 13 15 1 16];
emis = [0.0944368735775355 0.0509171944732617 0.123398407664758 0.0944469625786235 0.054626718027457 0.0932900477684474 0.0844981373216042 0.0665958909062684 0.0142995377591064 0.0363563168278556 0.0623032358948036 0.0317362517785866 0.036216305640498 0.0995334381235709 0.0355401916441887 0.0218044900134347;
0.00398752640701196 0.103405882118801 0.0143536315850522 0.0929036192197402 0.103450152933411 0.0331556753757311 0.0690314553567442 0.0654980954560127 0.119168303776473 0.00723128857999295 0.110195101074061 0.0678662894736265 0.0864804140019498 0.0485069611195037 0.0523396950399332 0.022425908481956;
0.0474169714716521 0.0495179112630541 0.0134019885673374 0.132391671913905 0.138362751237223 0.0818830599471615 0.0437886953542009 0.0350883686972805 0.0155800380724838 0.0393085051877844 0.106266740946275 0.0532900724735193 0.0775230204772099 0.107555204608425 0.0168744217962511 0.0417505779862374;
0.00506294647011492 0.00103987725373562 0.00477235290412233 0.0640333984704979 0.0464028551887476 0.121212736309653 0.0703645892057115 0.11986363932659 0.03082590826884 0.00654871821396596 0.0769845023799832 0.0813926781649069 0.139972868154573 0.102242549708779 0.0672327951863907 0.0620475847933892];
trans = [0.649702308603654 0.350297691396346 0 0;
0.0327525531904582 0.849350275987306 0.117897170822235 0;
0 0.253532910624893 0.0686185075858351 0.677848581789272;
0 0 0.0693597963655501 0.93064020363445];
[PSTATES,logpseq] = hmmdecode(symbols,trans,emis);
display(PSTATES);


Columns 1 through 14

    0.9988    0.9987    0.9987    0.9987    0.9987    0.9987    0.9987    0.9987    0.9987    0.9987    0.9987    0.9987    0.9987    0.9987
    0.0012    0.0013    0.0013    0.0013    0.0013    0.0013    0.0013    0.0013    0.0013    0.0013    0.0013    0.0013    0.0013    0.0013
         0    0.0000    0.0000    0.0000    0.0000    0.0000    0.0000    0.0000    0.0000    0.0000    0.0000    0.0000    0.0000    0.0000
         0         0    0.0000    0.0000    0.0000    0.0000    0.0000    0.0000    0.0000    0.0000    0.0000    0.0000    0.0000    0.0000

  Columns 15 through 28

    0.9987    0.9987    0.9987    0.9987    0.9985    0.9964    0.9570    0.9964    0.9985    0.9987    0.9985    0.9959    0.9488    0.9959
    0.0013    0.0013    0.0013    0.0013    0.0015    0.0035    0.0430    0.0035    0.0015    0.0013    0.0015    0.0040    0.0511    0.0040
    0.0000    0.0000    0.0000    0.0000    0.0000    0.0001    0.0000    0.0001    0.0000    0.0000    0.0000    0.0001    0.0000    0.0001
    0.0000    0.0000    0.0000    0.0000    0.0000    0.0000    0.0000    0.0000    0.0000    0.0000    0.0000    0.0000    0.0000    0.0000

  Columns 29 through 42

    0.9985    0.9987    0.9984    0.9955    0.9422    0.9915    0.9840    0.7948    0.9873    0.9977    0.9983    0.9957    0.9450    0.9952
    0.0015    0.0013    0.0015    0.0044    0.0578    0.0070    0.0143    0.2052    0.0123    0.0022    0.0016    0.0042    0.0550    0.0046
    0.0000    0.0000    0.0000    0.0001    0.0000    0.0015    0.0017    0.0000    0.0003    0.0001    0.0000    0.0001    0.0000    0.0002
    0.0000    0.0000    0.0000    0.0000    0.0000    0.0000    0.0000    0.0000    0.0000    0.0000    0.0000    0.0000    0.0000    0.0000

  Columns 43 through 56

    0.9958    0.9984    0.9976    0.9881    0.8275    0.8474    0.4730    0.3608    0.4096    0.4030    0.5862    0.4037    0.3792    0.3658
    0.0042    0.0016    0.0023    0.0114    0.1714    0.0866    0.4733    0.5562    0.4570    0.4863    0.2000    0.5020    0.5397    0.5327
    0.0000    0.0000    0.0001    0.0005    0.0010    0.0656    0.0226    0.0377    0.0710    0.0205    0.1816    0.0432    0.0218    0.0499
    0.0000    0.0000    0.0000    0.0000    0.0002    0.0004    0.0310    0.0453    0.0624    0.0903    0.0322    0.0511    0.0593    0.0516

  Columns 57 through 70

    0.4890    0.2136    0.1295    0.1211    0.1889    0.0650    0.0372    0.0316    0.0604    0.0273    0.0222    0.0162    0.0218    0.0401
    0.2578    0.6424    0.6720    0.6438    0.1597    0.3402    0.3179    0.3061    0.0591    0.1280    0.1227    0.1199    0.1201    0.0248
    0.2199    0.0582    0.1061    0.0860    0.5150    0.0473    0.1092    0.0575    0.4650    0.0439    0.0494    0.0479    0.0184    0.3949
    0.0333    0.0858    0.0924    0.1491    0.1365    0.5474    0.5357    0.6048    0.4155    0.8008    0.8057    0.8160    0.8396    0.5402

  Column 71

    0.0265
    0.0778
    0.0531
    0.8426